          Subject: combined 
//-LLHTotal //    5415.1     2623.8    2791.3    3.3294    6.6232  
//    5677.5     2658.0    3019.6    4.5429    6.6232  
//    5628.5     2697.2    2931.3    3.3294    8.0604  
//    5480.3     2677.8    2802.6    2.2961    8.0604  
//    5297.3     2602.5    2694.8    2.2961    6.6232  
//    5268.6     2561.9    2706.6    1.8744    5.8301  
//    5328.4     2538.7    2789.7    2.7845    4.2024  
//    5820.8     2621.3    3199.6    1.5284    3.4121  
//    5279.9     2576.0    2703.9    2.7845    5.8301  
//    5369.6     2634.4    2735.3    1.8744    7.3734  
//    5261.9     2545.7    2716.2    2.5325    5.0158  
//    5321.6     2539.8    2781.8    1.6915    5.0158  
//    5266.1     2562.8    2703.3    2.4719    5.6277  
//    5308.0     2551.0    2757.0    3.2586    4.8115  
//    5252.5     2556.8    2695.7    2.1703    5.5769  
//    5268.7     2541.9    2726.7    2.2255    4.9647  
//    5264.6     2556.3    2708.3    2.4086    5.4624  
//    5259.7     2545.6    2714.1    2.2854    5.1308  
//    5272.5     2557.9    2714.6    1.9511    5.6910  
//    5262.4     2547.9    2714.5    2.3764    5.1850  
//    5254.6     2550.7    2703.9    2.2273    5.3541  
//    5265.0     2550.5    2714.5    2.3464    5.2967  
//    5271.2     2557.3    2713.9    2.0583    5.6340  
//    5261.4     2552.0    2709.4    2.2716    5.3812  
//    5255.4     2555.3    2700.1    2.1275    5.5499  
//    5256.1     2554.4    2701.7    2.1629    5.5078  
//    5257.3     2553.6    2703.7    2.1987    5.4656  
//    5255.6     2554.3    2701.3    2.2205    5.4791  
//    5263.5     2557.5    2706.0    2.1920    5.5904  
//    5255.5     2554.5    2701.0    2.1970    5.4968  
//    5252.6     2557.1    2695.6    2.1472    5.5945  
//    5259.5     2559.4    2700.0    2.1210    5.6744  
//    5253.9     2555.7    2698.2    2.1778    5.5413  
//    5261.5     2558.1    2703.3    2.1398    5.6301  
//    5253.0     2556.3    2696.7    2.1683    5.5635  
//    5264.0     2557.5    2706.5    2.1493    5.6079  
//    5252.8     2556.6    2696.2    2.1635    5.5746  
//    5252.3     2557.2    2695.1    2.1540    5.5968  
//    5264.0     2557.5    2706.5    2.1493    5.6079  
//    5252.4     2556.9    2695.4    2.1772    5.5791  
//    5265.1     2557.4    2707.8    2.1608    5.5991  
//    5252.3     2556.9    2695.4    2.1679    5.5824  
//Iteration-1 
   5252.3   2.15399   5.59680 
//    5294.2     2598.7    2695.5    1.9540    6.6535  
//    5344.2     2613.7    2730.5    2.8170    6.6535  
//    5466.2     2674.3    2791.9    1.9540    8.0871  
//    5279.2     2550.1    2729.2    2.8170    5.0462  
//    5406.4     2541.8    2864.6    3.3253    3.4394  
//    5283.5     2541.4    2742.1    1.9540    5.0462  
//    5475.6     2555.3    2920.3    2.8170    3.4394  
//    5260.9     2566.6    2694.3    2.1480    5.8609  
//    5307.6     2583.0    2724.6    3.0656    5.8609  
//    5254.2     2547.6    2706.6    2.1989    5.2508  
//    5298.5     2568.3    2730.2    1.6534    6.0620  
//    5261.4     2552.4    2709.0    2.4811    5.3019  
//    5267.7     2561.5    2706.2    1.8966    5.8104  
//    5255.8     2554.1    2701.7    2.3235    5.4295  
//    5276.9     2540.8    2736.1    2.3775    4.8161  
//    5260.7     2558.0    2702.7    2.2037    5.6013  
//    5263.5     2544.8    2718.6    2.3185    5.0782  
//    5255.9     2554.2    2701.7    2.2320    5.4709  
//    5264.1     2547.5    2716.6    2.2894    5.2092  
//    5260.0     2552.4    2707.6    2.2463    5.4056  
//    5254.4     2550.7    2703.8    2.2606    5.3402  
//    5254.6     2550.7    2703.9    2.2154    5.3609  
//    5265.4     2547.6    2717.8    2.2438    5.2300  
//    5256.8     2549.9    2706.9    2.2225    5.3282  
//    5260.2     2549.1    2711.1    2.2296    5.2955  
//    5260.4     2549.1    2711.3    2.2071    5.3058  
//    5267.6     2547.6    2720.0    2.2213    5.2404  
//    5265.2     2548.7    2716.5    2.2107    5.2895  
//    5252.0     2548.3    2703.6    2.2142    5.2731  
//    5252.1     2548.3    2703.8    2.2030    5.2783  
//    5260.3     2549.1    2711.2    2.2183    5.3007  
//    5253.1     2548.0    2705.1    2.2038    5.2632  
//    5265.3     2548.7    2716.6    2.2135    5.2882  
//    5252.6     2548.2    2704.4    2.2062    5.2695  
//    5251.5     2548.5    2703.0    2.2110    5.2820  
//    5265.3     2548.7    2716.6    2.2135    5.2882  
//    5251.4     2548.5    2702.9    2.2222    5.2768  
//    5251.3     2548.6    2702.7    2.2319    5.2760  
//    5263.1     2548.8    2714.3    2.2287    5.2848  
//    5251.6     2548.4    2703.2    2.2178    5.2760  
//    5267.4     2548.7    2718.7    2.2251    5.2819  
//    5251.4     2548.5    2702.9    2.2196    5.2775  
//    5265.0     2548.6    2716.4    2.2406    5.2715  
//    5251.4     2548.5    2702.8    2.2184    5.2793  
//    5251.2     2548.6    2702.6    2.2307    5.2778  
//    5265.9     2548.7    2717.2    2.2362    5.2780  
//    5263.5     2548.7    2714.8    2.2442    5.2745  
//    5251.2     2548.6    2702.6    2.2248    5.2781  
//Iteration-2 
   5251.2   2.22483   5.27813 
//    5489.2     2551.9    2937.3    2.9647    3.3902  
//    5448.8     2540.2    2908.6    4.1090    3.3902  
//    5289.9     2546.9    2743.0    2.9647    4.8279  
//    5417.3     2570.7    2846.6    4.1090    4.8279  
//    5326.7     2599.4    2727.2    2.9647    6.2851  
//    5269.8     2582.5    2687.2    2.0239    6.2851  
//    5393.2     2607.8    2785.4    1.3620    6.9809  
//    5298.7     2539.2    2759.5    2.0239    4.8279  
//    5274.5     2546.6    2727.9    2.2355    5.1954  
//    5338.5     2592.2    2746.3    1.4980    6.6373  
//    5262.3     2552.5    2709.8    2.5232    5.2873  
//    5277.5     2590.7    2686.8    2.2911    6.3739  
//    5254.0     2555.1    2698.9    2.2493    5.4935  
//    5308.5     2539.6    2768.8    2.7862    4.4844  
//    5260.3     2566.6    2693.7    2.1980    5.8411  
//    5266.4     2571.2    2695.1    1.9520    6.0445  
//    5252.9     2556.2    2696.7    2.3700    5.4778  
//    5266.5     2547.1    2719.4    2.4243    5.1279  
//    5255.9     2560.8    2695.1    2.2530    5.6638  
//    5263.6     2551.0    2712.5    2.3662    5.3070  
//    5259.7     2558.2    2701.5    2.2809    5.5748  
//    5253.2     2555.6    2697.5    2.3091    5.4857  
//    5259.2     2558.4    2700.7    2.3110    5.5709  
//    5257.3     2553.5    2703.7    2.3681    5.3924  
//    5254.7     2554.7    2700.0    2.3537    5.4371  
//    5251.4     2557.2    2694.2    2.3251    5.5263  
//    5259.2     2558.4    2700.7    2.3110    5.5709  
//    5261.9     2557.8    2704.2    2.3863    5.5185  
//    5252.5     2556.1    2696.4    2.3282    5.4939  
//    5251.2     2557.1    2694.0    2.2840    5.5424  
//    5262.1     2557.6    2704.5    2.2418    5.5746  
//    5259.7     2558.2    2701.5    2.2809    5.5748  
//    5251.9     2556.6    2695.3    2.3163    5.5141  
//    5261.9     2557.6    2704.2    2.2927    5.5546  
//    5251.7     2556.9    2694.8    2.3104    5.5242  
//    5263.9     2557.4    2706.5    2.2986    5.5445  
//    5251.5     2557.0    2694.5    2.3074    5.5293  
//    5266.5     2557.3    2709.3    2.3015    5.5394  
//    5251.5     2557.1    2694.4    2.3060    5.5318  
//    5251.3     2557.2    2694.1    2.3030    5.5369  
//    5251.2     2557.2    2694.1    2.2621    5.5529  
//    5251.5     2557.1    2694.4    2.2433    5.5584  
//    5251.1     2557.2    2693.9    2.2880    5.5423  
//    5251.4     2557.1    2694.3    2.3100    5.5317  
//    5251.2     2557.2    2694.0    2.2740    5.5476  
//Iteration-3 
   5251.1   2.28797   5.54227 
//    5272.4     2546.7    2725.7    2.2570    5.1875  
//    5310.2     2561.3    2748.9    3.2218    5.1875  
//    5303.6     2606.4    2697.2    2.2570    6.7163  
//    5336.6     2596.4    2740.2    1.5340    6.7163  
//    5273.8     2565.0    2708.8    2.7133    5.5770  
//    5345.5     2540.5    2805.0    2.7133    4.0236  
//    5264.1     2578.0    2686.1    2.3657    6.0590  
//    5275.2     2557.4    2717.8    1.9542    5.6740  
//    5267.8     2562.4    2705.4    2.5067    5.6013  
//    5305.5     2600.7    2704.8    2.6235    6.4612  
//    5251.7     2556.9    2694.8    2.3450    5.5103  
//    5259.5     2571.8    2687.7    2.2106    5.9693  
//    5261.7     2552.1    2709.6    2.1910    5.4191  
//    5261.8     2557.7    2704.1    2.2337    5.5801  
//    5262.0     2563.9    2698.0    2.2771    5.7405  
//    5260.4     2566.8    2693.6    2.3553    5.7858  
//    5258.5     2559.6    2698.9    2.4249    5.5558  
//    5264.1     2550.8    2713.2    2.4144    5.2790  
//    5265.2     2562.4    2702.8    2.3700    5.6596  
//    5260.4     2558.2    2702.1    2.3848    5.5330  
//    5267.8     2561.7    2706.1    2.3502    5.6483  
//    5256.9     2553.7    2703.2    2.3795    5.3947  
//    5259.1     2552.5    2706.6    2.3399    5.3719  
//    5256.2     2553.9    2702.3    2.3510    5.4122  
//    5251.4     2557.1    2694.4    2.3168    5.5277  
//    5258.1     2558.9    2699.2    2.2859    5.5941  
//    5256.5     2560.3    2696.2    2.3109    5.6255  
//    5253.5     2555.4    2698.1    2.3410    5.4656  
//    5258.8     2558.6    2700.1    2.3209    5.5723  
//    5252.5     2556.2    2696.3    2.3359    5.4923  
//    5261.1     2557.8    2703.3    2.3259    5.5456  
//    5252.0     2556.6    2695.4    2.3334    5.5056  
//    5263.7     2557.4    2706.3    2.3284    5.5323  
//    5251.8     2556.8    2695.0    2.3322    5.5123  
//    5251.4     2557.2    2694.1    2.3296    5.5257  
//    5263.7     2557.4    2706.3    2.3284    5.5323  
//    5263.9     2557.4    2706.5    2.3016    5.5431  
//    5251.6     2557.0    2694.5    2.3341    5.5185  
//    5266.5     2557.3    2709.2    2.3124    5.5349  
//    5251.5     2557.1    2694.4    2.3287    5.5226  
//    5251.3     2557.2    2694.1    2.3178    5.5308  
//    5266.5     2557.3    2709.2    2.3124    5.5349  
//    5265.1     2557.3    2707.8    2.3306    5.5287  
//    5251.4     2557.1    2694.2    2.3203    5.5280  
//Iteration-4 
   5251.3   2.31780   5.53079 
//    5498.8     2642.5    2856.4    3.6150    6.8596  
//    5808.7     2679.7    3129.1    4.8735    6.8596  
//    5723.4     2714.3    3009.1    3.6150    8.2657  
//    5536.1     2692.6    2843.5    2.5167    8.2657  
//    5336.2     2618.1    2718.1    2.5167    6.8596  
//    5262.5     2573.8    2688.7    2.0575    6.0713  
//    5301.5     2540.8    2760.7    3.0396    4.4325  
//    5666.9     2586.9    3080.0    1.6719    3.6274  
//    5317.5     2591.5    2726.0    3.0396    6.0713  
//    5338.1     2540.0    2798.1    2.0575    4.4325  
//    5276.2     2569.3    2706.9    2.7708    5.6651  
//    5353.8     2626.9    2726.9    1.8549    7.2363  
//    5271.6     2551.3    2720.4    2.7059    5.1518  
//    5261.9     2554.3    2707.6    2.0051    5.5628  
//    5284.3     2549.7    2734.6    1.6936    5.5116  
//    5328.4     2584.4    2743.9    1.5092    6.4703  
//    5252.5     2556.2    2696.3    2.3511    5.4859  
//    5264.0     2542.5    2721.4    2.2929    4.9716  
//    5264.3     2563.8    2700.5    2.1145    5.7990  
//    5254.9     2555.1    2699.8    2.1727    5.5244  
//    5262.1     2564.3    2697.8    2.2005    5.7799  
//    5260.7     2548.4    2712.3    2.3219    5.2290  
//    5262.2     2551.8    2710.4    2.2911    5.3672  
//    5253.1     2555.6    2697.5    2.2606    5.5052  
//    5256.6     2560.1    2696.5    2.2749    5.6332  
//    5260.5     2552.1    2708.4    2.3365    5.3576  
//    5260.3     2557.9    2702.4    2.2902    5.5644  
//    5252.8     2555.9    2696.9    2.3055    5.4955  
//    5260.1     2558.1    2702.0    2.3128    5.5596  
//    5255.8     2554.1    2701.7    2.3438    5.4218  
//    5254.0     2555.1    2699.0    2.3360    5.4563  
//    5251.5     2557.1    2694.4    2.3205    5.5252  
//    5260.1     2558.1    2702.0    2.3128    5.5596  
//    5264.5     2557.4    2707.1    2.3663    5.5156  
//    5252.4     2556.3    2696.1    2.3206    5.5005  
//    5251.1     2557.1    2694.0    2.2903    5.5398  
//    5262.0     2557.6    2704.4    2.2603    5.5667  
//    5260.3     2557.9    2702.4    2.2902    5.5644  
//    5251.9     2556.7    2695.2    2.3130    5.5165  
//    5262.7     2557.5    2705.2    2.2978    5.5484  
//    5251.7     2556.9    2694.8    2.3092    5.5245  
//    5265.4     2557.3    2708.1    2.3016    5.5405  
//    5251.6     2557.0    2694.6    2.3073    5.5285  
//    5251.3     2557.2    2694.1    2.3035    5.5365  
//    5266.3     2557.3    2709.0    2.2734    5.5511  
//    5251.4     2557.1    2694.3    2.3087    5.5317  
//    5251.1     2557.2    2693.9    2.2851    5.5446  
//    5266.3     2557.3    2709.0    2.2734    5.5511  
//    5251.2     2557.1    2694.1    2.2720    5.5479  
//    5251.2     2557.2    2694.0    2.2798    5.5451  
//Iteration-5 
   5251.1   2.28511   5.54461 
//    5313.5     2610.9    2702.6    2.0152    6.8824  
//    5382.1     2626.8    2755.3    2.9004    6.8824  
//    5498.8     2686.1    2812.7    2.0152    8.2853  
//    5279.6     2558.1    2721.5    2.9004    5.2780  
//    5404.3     2538.9    2865.4    3.4182    3.6486  
//    5265.0     2546.5    2718.6    2.0152    5.2780  
//    5416.0     2542.5    2873.5    1.6639    4.4551  
//    5414.6     2545.2    2869.4    2.9004    3.6486  
//    5261.8     2577.1    2684.7    2.2151    6.0946  
//    5325.2     2568.2    2757.0    1.5140    6.0946  
//    5262.0     2558.1    2703.9    2.4859    5.4837  
//    5300.4     2594.8    2705.6    2.7180    6.2952  
//    5254.2     2555.5    2698.7    2.1765    5.5350  
//    5269.1     2575.2    2693.9    1.9327    6.1450  
//    5269.1     2561.6    2707.5    2.3375    5.6502  
//    5261.1     2565.6    2695.5    2.1957    5.8161  
//    5252.0     2556.6    2695.3    2.3274    5.5093  
//    5261.7     2548.2    2713.5    2.3073    5.2265  
//    5256.2     2560.6    2695.6    2.2232    5.6694  
//    5261.9     2551.9    2710.0    2.2790    5.3745  
//    5259.7     2558.3    2701.5    2.2371    5.5958  
//    5252.6     2556.0    2696.6    2.2510    5.5221  
//    5258.7     2558.6    2700.1    2.2749    5.5894  
//    5255.6     2554.2    2701.4    2.3031    5.4419  
//    5253.7     2555.2    2698.5    2.2960    5.4788  
//    5263.2     2557.4    2705.8    2.2819    5.5526  
//    5253.0     2555.8    2697.2    2.2925    5.4973  
//    5251.4     2556.9    2694.6    2.2854    5.5342  
//    5263.2     2557.4    2705.8    2.2819    5.5526  
//    5263.1     2557.5    2705.6    2.3627    5.5213  
//    5252.0     2556.4    2695.6    2.2785    5.5219  
//    5251.4     2557.1    2694.3    2.3344    5.5215  
//    5264.2     2557.4    2706.8    2.2923    5.5464  
//    5251.7     2556.8    2694.9    2.3186    5.5186  
//    5251.3     2557.2    2694.2    2.3011    5.5371  
//    5264.2     2557.4    2706.8    2.2923    5.5464  
//    5251.6     2556.9    2694.6    2.2526    5.5497  
//    5251.5     2557.1    2694.4    2.3138    5.5286  
//    5251.5     2557.0    2694.5    2.2932    5.5356  
//    5251.4     2557.2    2694.2    2.3177    5.5293  
//    5265.1     2557.3    2707.8    2.3256    5.5308  
//    5251.4     2557.1    2694.3    2.3013    5.5344  
//Iteration-6 
   5251.3   2.30108   5.53711 
//    5351.3     2561.9    2789.4    3.6143    4.9415  
//    5605.6     2599.0    3006.7    4.8727    4.9415  
//    5447.4     2623.7    2823.7    3.6143    6.4709  
//    5297.8     2599.1    2698.7    2.5161    6.4709  
//    5359.9     2622.2    2737.7    1.6715    7.1927  
//    5258.9     2544.0    2714.9    2.5161    4.9415  
//    5411.4     2545.5    2865.8    2.0571    4.1713  
//    5302.6     2586.3    2716.2    1.6715    6.4709  
//    5262.9     2574.8    2688.1    2.0571    6.0958  
//    5337.5     2538.9    2798.6    2.0571    4.5549  
//    5263.1     2576.0    2687.1    2.3950    6.0009  
//    5264.6     2542.7    2721.9    2.1653    5.0383  
//    5260.9     2565.6    2695.3    2.3360    5.7623  
//    5285.3     2541.3    2744.0    2.8361    4.6031  
//    5263.8     2562.8    2700.9    2.2352    5.7263  
//    5258.6     2553.1    2705.5    2.4249    5.3529  
//    5252.0     2556.4    2695.6    2.2780    5.5219  
//    5259.5     2570.0    2689.5    2.1931    5.9296  
//    5260.5     2548.7    2711.8    2.4324    5.1897  
//    5254.7     2554.7    2700.1    2.3506    5.4375  
//    5270.6     2549.3    2721.2    2.3950    5.2320  
//    5263.8     2562.8    2700.9    2.2352    5.7263  
//    5257.9     2559.0    2698.8    2.2744    5.6032  
//    5259.9     2552.3    2707.6    2.3543    5.3560  
//    5268.7     2557.2    2711.5    2.2942    5.5415  
//    5253.3     2555.5    2697.8    2.3141    5.4797  
//    5261.5     2557.7    2703.8    2.2762    5.5626  
//    5255.4     2554.3    2701.2    2.3159    5.4390  
//    5254.0     2555.1    2698.9    2.3059    5.4699  
//    5251.5     2556.8    2694.7    2.2861    5.5317  
//    5261.5     2557.7    2703.8    2.2762    5.5626  
//    5261.5     2557.7    2703.8    2.2503    5.5738  
//    5252.6     2556.0    2696.6    2.2980    5.5033  
//    5251.3     2557.1    2694.1    2.2661    5.5503  
//    5261.5     2557.7    2703.8    2.2503    5.5738  
//    5262.1     2557.6    2704.5    2.2742    5.5601  
//    5251.7     2556.7    2695.0    2.2770    5.5315  
//    5266.0     2557.3    2708.8    2.2751    5.5506  
//    5251.5     2556.8    2694.7    2.2766    5.5362  
//    5251.2     2557.1    2694.1    2.2756    5.5458  
//    5266.0     2557.3    2708.8    2.2751    5.5506  
//    5263.0     2557.5    2705.6    2.2557    5.5644  
//    5251.4     2557.0    2694.4    2.2785    5.5399  
//    5265.3     2557.3    2708.0    2.2633    5.5562  
//    5251.3     2557.1    2694.3    2.2747    5.5440  
//Iteration-7 
   5251.2   2.27560   5.54579 
//    5395.1     2540.4    2854.7    3.3006    3.5675  
//    5521.9     2549.2    2972.7    4.5090    3.5675  
//    5312.2     2557.7    2754.4    3.3006    5.0242  
//    5259.6     2543.3    2716.3    2.2741    5.0242  
//    5321.0     2555.8    2765.2    1.5145    5.7617  
//    5284.7     2595.5    2689.3    2.2741    6.4832  
//    5327.8     2585.1    2742.7    1.5145    6.4832  
//    5282.1     2559.5    2722.6    2.7588    5.3939  
//    5362.5     2541.5    2821.0    2.7588    3.9243  
//    5260.7     2570.0    2690.8    2.3894    5.8531  
//    5277.2     2551.4    2725.8    1.9541    5.4861  
//    5260.6     2552.8    2707.8    2.1359    5.4631  
//    5324.9     2538.7    2786.3    2.0303    4.6317  
//    5262.7     2557.5    2705.2    2.2954    5.5494  
//    5254.5     2547.5    2707.0    2.2042    5.2439  
//    5255.0     2554.5    2700.5    2.3312    5.4400  
//    5256.0     2560.8    2695.2    2.2600    5.6586  
//    5253.3     2555.5    2697.8    2.2635    5.5005  
//    5253.5     2548.3    2705.2    2.1393    5.3045  
//    5252.4     2556.6    2695.8    2.1973    5.5609  
//    5266.5     2562.0    2704.5    2.1938    5.7187  
//    5261.2     2565.2    2695.9    2.3240    5.7560  
//    5262.4     2552.0    2710.4    2.1844    5.4177  
//    5252.9     2556.0    2696.8    2.2302    5.5307  
//    5261.4     2552.2    2709.2    2.1681    5.4328  
//    5256.0     2560.8    2695.2    2.2600    5.6586  
//    5259.2     2558.5    2700.7    2.2367    5.6022  
//    5252.5     2556.3    2696.2    2.2137    5.5458  
//    5256.1     2554.4    2701.7    2.1827    5.4969  
//    5258.8     2558.6    2700.1    2.2285    5.6098  
//    5254.0     2555.4    2698.6    2.1940    5.5252  
//    5262.8     2557.5    2705.3    2.2169    5.5816  
//    5253.2     2555.9    2697.3    2.1998    5.5393  
//    5251.7     2557.0    2694.7    2.2112    5.5675  
//    5262.8     2557.5    2705.3    2.2169    5.5816  
//    5267.0     2557.3    2709.8    2.1948    5.5826  
//    5252.3     2556.5    2695.7    2.2090    5.5550  
//    5251.6     2556.9    2694.7    2.2229    5.5616  
//    5251.5     2557.1    2694.4    2.2359    5.5619  
//    5262.5     2557.6    2704.9    2.2381    5.5744  
//    5251.9     2556.8    2695.1    2.2162    5.5599  
//    5265.5     2557.3    2708.2    2.2308    5.5695  
//    5251.7     2556.9    2694.8    2.2199    5.5623  
//    5251.5     2557.1    2694.4    2.2446    5.5567  
//    5251.3     2557.1    2694.2    2.2614    5.5513  
//    5264.8     2557.3    2707.5    2.2777    5.5509  
//    5251.7     2557.0    2694.6    2.2342    5.5594  
//    5274.6     2557.2    2717.4    2.2631    5.5538  
//    5251.5     2557.1    2694.5    2.2414    5.5580  
//    5251.3     2557.2    2694.1    2.2558    5.5552  
//    5274.6     2557.2    2717.4    2.2631    5.5538  
//    5251.1     2557.2    2694.0    2.2816    5.5446  
//    5251.3     2557.2    2694.1    2.3047    5.5359  
//    5251.1     2557.2    2693.9    2.2760    5.5485  
//    5266.2     2557.3    2708.9    2.2833    5.5470  
//    5272.5     2557.2    2715.3    2.3019    5.5379  
//    5251.2     2557.2    2694.0    2.2673    5.5508  
//Iteration-8 
   5251.1   2.27597   5.54846 
//    5317.3     2608.8    2708.5    2.5435    6.6629  
//    5467.8     2632.2    2835.6    3.5893    6.6629  
//    5510.7     2683.7    2827.0    2.5435    8.0953  
//    5346.9     2564.9    2782.0    3.5893    5.0557  
//    5272.2     2546.7    2725.5    2.5435    5.0557  
//    5379.1     2543.0    2836.1    2.1015    4.2407  
//    5307.9     2596.1    2711.9    1.7252    6.6629  
//    5307.8     2540.4    2767.4    1.7252    5.0557  
//    5547.9     2564.5    2983.5    2.5435    3.4479  
//    5264.8     2563.8    2701.0    1.9047    5.8705  
//    5281.4     2577.7    2703.7    2.7865    5.8705  
//    5264.5     2564.5    2700.0    2.4850    5.6681  
//    5285.7     2588.5    2697.2    1.8582    6.4681  
//    5256.0     2554.0    2702.0    2.3566    5.4135  
//    5287.7     2558.2    2729.5    3.0263    5.2092  
//    5256.9     2560.9    2696.0    2.1501    5.7061  
//    5258.5     2551.3    2707.2    2.0351    5.4518  
//    5257.3     2554.1    2703.2    2.1411    5.5059  
//    5256.7     2560.7    2696.0    2.3662    5.6141  
//    5261.2     2554.4    2706.8    2.5871    5.3210  
//    5258.1     2559.0    2699.1    2.2539    5.6101  
//    5267.4     2557.3    2710.1    2.3614    5.5139  
//    5266.4     2557.3    2709.1    2.2515    5.5600  
//    5256.0     2554.0    2702.0    2.2469    5.4597  
//    5263.4     2551.0    2712.4    2.3517    5.3130  
//    5259.4     2552.5    2707.0    2.3264    5.3748  
//    5253.0     2555.6    2697.4    2.2763    5.4984  
//    5266.4     2557.3    2709.1    2.2515    5.5600  
//    5266.5     2555.6    2710.9    2.3870    5.4522  
//    5255.0     2554.4    2700.6    2.2813    5.4579  
//    5252.9     2556.1    2696.9    2.2030    5.5426  
//    5270.2     2557.2    2713.0    2.1291    5.6071  
//    5265.3     2557.3    2708.0    2.1981    5.5831  
//    5253.9     2555.1    2698.8    2.2603    5.4892  
//    5252.1     2556.6    2695.5    2.2187    5.5518  
//    5265.3     2557.3    2708.0    2.1981    5.5831  
//    5252.6     2557.1    2695.5    2.1468    5.5960  
//    5263.2     2557.6    2705.6    2.1622    5.6052  
//    5252.6     2556.4    2696.2    2.1927    5.5583  
//    5252.1     2557.2    2694.9    2.1723    5.5896  
//    5251.9     2556.7    2695.2    2.2448    5.5453  
//    5252.1     2556.5    2695.5    2.2951    5.5200  
//    5252.6     2556.1    2696.5    2.2924    5.5076  
//    5251.9     2556.9    2695.0    2.2019    5.5691  
//    5251.5     2557.0    2694.4    2.2279    5.5626  
//    5266.3     2557.3    2709.0    2.2325    5.5680  
//    5251.6     2556.8    2694.7    2.2712    5.5389  
//    5251.3     2557.2    2694.1    2.2541    5.5561  
//    5263.5     2557.4    2706.1    2.2588    5.5615  
//    5264.2     2557.4    2706.8    2.2110    5.5799  
//    5251.5     2557.0    2694.5    2.2561    5.5491  
//    5267.6     2557.2    2710.4    2.2260    5.5696  
//    5251.5     2557.0    2694.5    2.2485    5.5542  
//    5251.5     2557.2    2694.3    2.2335    5.5645  
//    5251.5     2557.1    2694.4    2.2372    5.5619  
//    5251.5     2557.1    2694.4    2.2448    5.5568  
//    5251.5     2557.1    2694.4    2.2391    5.5606  
//    5251.5     2557.1    2694.4    2.2429    5.5581  
//    5251.5     2557.1    2694.4    2.2400    5.5600  
//    5251.5     2557.1    2694.4    2.2410    5.5594  
//    5251.4     2557.1    2694.2    2.2466    5.5584  
//    5272.6     2557.2    2715.4    2.2598    5.5552  
//    5251.4     2557.1    2694.3    2.2457    5.5583  
//    5251.3     2557.2    2694.1    2.2551    5.5562  
//    5272.6     2557.2    2715.4    2.2598    5.5552  
//    5275.2     2557.2    2717.9    2.2626    5.5539  
//    5251.3     2557.2    2694.2    2.2506    5.5573  
//Iteration-9 
   5251.3   2.25508   5.55620 
//    5434.1     2633.2    2800.9    3.2844    6.8380  
//    5694.8     2666.4    3028.4    4.4900    6.8380  
//    5651.1     2706.1    2945.0    3.2844    8.2472  
//    5506.8     2687.5    2819.3    2.2619    8.2472  
//    5315.7     2612.5    2703.2    2.2619    6.8380  
//    5275.3     2570.1    2705.2    1.8464    6.0491  
//    5304.8     2539.0    2765.9    2.7445    4.4113  
//    5715.8     2596.7    3119.1    1.5068    3.6075  
//    5285.8     2584.4    2701.4    2.7445    6.0491  
//    5395.8     2645.0    2750.8    1.8464    7.5775  
//    5266.0     2550.6    2715.4    2.4954    5.2327  
//    5304.0     2542.9    2761.1    1.6666    5.2327  
//    5261.9     2570.5    2691.5    2.4355    5.8467  
//    5306.0     2556.1    2749.8    3.2142    5.0270  
//    5263.5     2564.0    2699.5    2.1378    5.7959  
//    5275.1     2588.6    2686.5    2.0844    6.3990  
//    5260.8     2558.1    2702.7    2.3876    5.5279  
//    5273.6     2565.0    2708.6    2.7086    5.5791  
//    5262.0     2563.9    2698.1    2.2715    5.7418  
//    5267.0     2564.4    2702.6    2.5572    5.6334  
//    5262.3     2563.9    2698.3    2.3407    5.7148  
//    5263.2     2564.0    2699.1    2.4114    5.6877  
//    5256.0     2560.9    2695.1    2.3290    5.6350  
//    5253.7     2555.2    2698.5    2.3057    5.4751  
//    5268.0     2551.4    2716.6    2.2542    5.3684  
//    5260.5     2558.0    2702.5    2.2487    5.5823  
//    5260.2     2558.0    2702.2    2.2828    5.5687  
//    5260.3     2558.0    2702.3    2.3523    5.5415  
//    5260.4     2558.0    2702.4    2.3000    5.5619  
//    5260.4     2558.0    2702.3    2.3174    5.5551  
//    5252.0     2556.6    2695.4    2.2943    5.5219  
//    5255.9     2553.9    2702.0    2.2827    5.4418  
//    5254.0     2554.9    2699.1    2.2913    5.4701  
//    5251.6     2556.9    2694.6    2.3087    5.5268  
//    5260.4     2558.0    2702.3    2.3174    5.5551  
//    5259.4     2558.3    2701.1    2.2972    5.5736  
//    5252.7     2556.0    2696.7    2.3036    5.4997  
//    5262.4     2557.6    2704.9    2.2993    5.5490  
//    5252.2     2556.4    2695.8    2.3025    5.5120  
//    5251.4     2557.2    2694.2    2.3004    5.5367  
//    5262.4     2557.6    2704.9    2.2993    5.5490  
//    5262.7     2557.5    2705.1    2.3148    5.5416  
//    5251.7     2556.8    2694.9    2.2994    5.5268  
//    5265.8     2557.3    2708.5    2.3097    5.5366  
//    5251.6     2556.9    2694.7    2.3019    5.5293  
//    5251.4     2557.2    2694.2    2.3071    5.5342  
//    5265.8     2557.3    2708.5    2.3097    5.5366  
//    5264.0     2557.4    2706.6    2.2988    5.5440  
//    5251.5     2557.1    2694.4    2.3062    5.5311  
//    5266.2     2557.3    2709.0    2.3013    5.5397  
//    5251.4     2557.1    2694.3    2.3050    5.5333  
//Iteration-10 
   5251.4   2.30709   5.53418 
//    5542.6     2562.1    2980.5    3.0115    3.1428  
//    5478.1     2539.1    2939.0    4.1654    3.1428  
//    5289.6     2542.2    2747.4    3.0115    4.5503  
//    5430.7     2563.7    2867.1    4.1654    4.5503  
//    5309.6     2587.8    2721.8    3.0115    6.0007  
//    5261.9     2570.9    2691.0    2.0581    6.0007  
//    5368.8     2594.1    2774.7    1.3822    6.7028  
//    5338.5     2538.9    2799.6    2.0581    4.5503  
//    5275.3     2568.0    2707.2    2.7510    5.6409  
//    5332.0     2616.8    2715.2    1.8606    7.0414  
//    5269.5     2552.0    2717.5    2.6880    5.1869  
//    5262.6     2553.9    2708.7    2.0071    5.5504  
//    5322.4     2579.4    2743.0    1.5217    6.3553  
//    5252.7     2556.0    2696.8    2.3437    5.4824  
//    5261.8     2573.4    2688.4    2.4013    5.9335  
//    5279.7     2559.5    2720.2    2.7194    5.4143  
//    5259.8     2567.3    2692.5    2.2109    5.8550  
//    5254.5     2551.2    2703.3    2.1568    5.4029  
//    5258.6     2543.5    2715.1    2.2871    5.0275  
//    5263.0     2548.0    2715.1    2.2679    5.2353  
//    5256.9     2553.5    2703.4    2.2488    5.4427  
//    5255.3     2561.4    2693.9    2.2766    5.6691  
//    5262.6     2564.2    2698.4    2.3724    5.7086  
//    5252.5     2556.0    2696.5    2.2792    5.5093  
//    5263.0     2551.2    2711.8    2.3464    5.3220  
//    5258.9     2558.6    2700.2    2.2939    5.5826  
//    5252.7     2556.0    2696.7    2.3113    5.4958  
//    5258.6     2558.6    2700.0    2.2779    5.5893  
//    5256.9     2553.5    2703.4    2.3126    5.4157  
//    5254.6     2554.7    2699.9    2.3039    5.4591  
//    5265.9     2557.3    2708.6    2.2866    5.5459  
//    5253.6     2555.3    2698.2    2.2996    5.4809  
//    5251.7     2556.6    2695.1    2.2909    5.5243  
//    5265.9     2557.3    2708.6    2.2866    5.5459  
//    5251.9     2556.6    2695.2    2.2590    5.5377  
//    5265.8     2557.3    2708.5    2.2706    5.5527  
//    5252.1     2556.3    2695.8    2.2771    5.5201  
//    5251.4     2557.0    2694.5    2.2728    5.5418  
//    5265.8     2557.3    2708.5    2.2706    5.5527  
//    5251.6     2556.9    2694.7    2.3048    5.5284  
//    5265.9     2557.3    2708.6    2.2866    5.5459  
//    5251.5     2556.8    2694.7    2.2898    5.5297  
//    5251.7     2556.8    2694.9    2.2580    5.5431  
//    5251.7     2556.9    2694.8    2.2930    5.5321  
//    5251.5     2556.9    2694.6    2.2813    5.5358  
//    5251.3     2557.0    2694.4    2.2887    5.5351  
//    5251.3     2557.0    2694.3    2.2802    5.5412  
//    5251.2     2557.1    2694.1    2.2797    5.5439  
//    5251.4     2557.1    2694.3    2.2957    5.5372  
//    5251.3     2557.0    2694.3    2.2785    5.5407  
//    5251.2     2557.1    2694.1    2.2899    5.5383  
//    5251.4     2557.1    2694.3    2.2957    5.5372  
//    5268.1     2557.2    2710.8    2.2808    5.5471  
//    5251.3     2557.0    2694.2    2.2868    5.5381  
//Iteration-11 
   5251.2   2.28991   5.53833 
//    5440.3     2630.9    2809.4    3.3983    6.7360  
//    5719.1     2665.8    3053.3    4.6232    6.7360  
//    5657.7     2703.9    2953.8    3.3983    8.1590  
//    5499.9     2684.0    2815.9    2.3487    8.1590  
//    5310.2     2608.9    2701.3    2.3487    6.7360  
//    5269.8     2566.8    2703.0    1.9178    5.9449  
//    5315.2     2538.8    2776.4    2.8456    4.3115  
//    5746.7     2605.1    3141.6    1.5620    3.5140  
//    5290.0     2582.0    2708.1    2.8456    5.9449  
//    5382.4     2640.7    2741.7    1.9178    7.4808  
//    5278.2     2549.1    2729.1    2.5895    5.1293  
//    5305.7     2541.4    2764.3    1.7300    5.1293  
//    5264.6     2568.0    2696.6    2.5278    5.7424  
//    5289.5     2592.1    2697.4    1.8690    6.5417  
//    5252.5     2556.8    2695.6    2.3926    5.4877  
//    5299.2     2562.0    2737.3    3.0984    5.2831  
//    5262.9     2564.0    2698.9    2.1754    5.7805  
//    5260.8     2553.7    2707.1    2.0545    5.5260  
//    5263.7     2547.8    2715.9    2.2625    5.2318  
//    5258.0     2559.4    2698.6    2.1969    5.6439  
//    5267.7     2563.3    2704.4    2.5518    5.6057  
//    5253.9     2555.8    2698.1    2.1713    5.5459  
//    5257.5     2553.4    2704.1    2.3653    5.3895  
//    5254.5     2554.8    2699.7    2.3223    5.4532  
//    5261.4     2557.8    2703.6    2.2381    5.5804  
//    5253.3     2555.5    2697.8    2.3011    5.4850  
//    5265.0     2556.9    2708.1    2.5317    5.4267  
//    5252.7     2555.9    2696.8    2.2576    5.5162  
//    5269.1     2557.2    2711.9    2.3479    5.5189  
//    5252.8     2555.9    2696.8    2.3127    5.4935  
//    5251.8     2556.8    2695.0    2.3361    5.5104  
//    5269.1     2557.2    2711.9    2.3479    5.5189  
//    5262.2     2557.8    2704.4    2.4744    5.4819  
//    5252.3     2556.4    2695.9    2.3105    5.5076  
//    5252.2     2556.3    2695.9    2.2554    5.5303  
//    5251.6     2556.8    2694.8    2.2806    5.5331  
//    5251.4     2557.0    2694.4    2.2658    5.5458  
//    5263.3     2557.4    2705.9    2.3468    5.5259  
//    5251.8     2556.6    2695.1    2.2780    5.5292  
//    5251.9     2556.9    2695.0    2.2090    5.5646  
//    5251.8     2556.8    2695.0    2.3038    5.5240  
//    5251.8     2556.8    2695.0    2.2403    5.5510  
//    5251.5     2556.8    2694.7    2.2878    5.5307  
//    5251.2     2557.2    2694.0    2.2756    5.5473  
//    5263.0     2557.5    2705.6    2.2744    5.5564  
//    5264.1     2557.4    2706.7    2.2536    5.5624  
//    5251.4     2556.9    2694.5    2.2792    5.5386  
//    5251.2     2557.1    2694.0    2.2891    5.5402  
//    5251.3     2557.2    2694.2    2.3008    5.5374  
//    5264.1     2557.4    2706.7    2.2854    5.5489  
//    5251.3     2557.0    2694.2    2.2808    5.5412  
//    5267.0     2557.3    2709.7    2.2839    5.5463  
//    5251.2     2557.1    2694.1    2.2816    5.5425  
//Iteration-12 
   5251.2   2.28907   5.54018 
//    5317.7     2590.1    2727.6    3.0575    6.0310  
//    5523.7     2621.0    2902.8    4.2206    6.0310  
//    5494.8     2663.1    2831.7    3.0575    7.5251  
//    5390.7     2645.6    2745.1    2.0920    7.5251  
//    5261.3     2572.6    2688.7    2.0920    6.0310  
//    5295.9     2543.2    2752.7    1.7086    5.2352  
//    5301.8     2541.0    2760.7    3.0575    4.4346  
//    5343.9     2539.8    2804.2    2.0920    4.4346  
//    5277.4     2568.6    2708.8    2.7942    5.6350  
//    5345.2     2623.9    2721.3    1.8911    7.1700  
//    5272.4     2551.2    2721.2    2.7305    5.1350  
//    5261.2     2553.8    2707.4    2.0401    5.5353  
//    5280.4     2549.3    2731.1    1.7304    5.4854  
//    5319.7     2582.6    2737.1    1.5454    6.4205  
//    5266.9     2555.8    2711.1    2.3818    5.4604  
//    5281.0     2571.6    2709.4    1.7862    6.1046  
//    5258.3     2558.9    2699.3    2.2195    5.6226  
//    5271.3     2544.3    2726.9    2.1651    5.1224  
//    5264.3     2564.0    2700.2    2.1101    5.8058  
//    5254.0     2556.3    2697.7    2.1283    5.5790  
//    5261.7     2565.5    2696.3    2.1550    5.8274  
//    5254.9     2550.8    2704.1    2.1922    5.3729  
//    5253.9     2548.6    2705.3    2.1018    5.3291  
//    5260.1     2544.6    2715.6    2.0449    5.1820  
//    5261.2     2553.8    2707.4    2.0401    5.5353  
//    5266.6     2551.5    2715.1    2.1533    5.4136  
//    5262.7     2552.2    2710.5    2.1150    5.4542  
//    5259.0     2549.7    2709.4    2.1466    5.3510  
//    5261.2     2546.3    2714.8    2.1333    5.2258  
//    5255.6     2547.7    2707.9    2.1287    5.2830  
//    5260.7     2546.7    2714.0    2.0842    5.2611  
//    5264.0     2548.9    2715.1    2.1309    5.3285  
//    5254.7     2548.1    2706.5    2.1152    5.3061  
//    5262.3     2549.1    2713.2    2.1241    5.3401  
//    5256.9     2547.6    2709.3    2.0930    5.2951  
//    5255.6     2548.0    2707.6    2.1008    5.3063  
//    5266.8     2548.7    2718.1    2.1163    5.3288  
//    5254.9     2548.2    2706.7    2.1047    5.3120  
//    5253.7     2548.6    2705.1    2.1124    5.3232  
//    5266.8     2548.7    2718.1    2.1163    5.3288  
//    5263.7     2549.0    2714.7    2.0990    5.3463  
//    5254.2     2548.4    2705.9    2.1112    5.3161  
//    5265.9     2548.8    2717.1    2.1031    5.3362  
//    5254.0     2548.5    2705.5    2.1092    5.3211  
//    5269.3     2548.7    2720.6    2.1051    5.3312  
//    5253.9     2548.5    2705.4    2.1081    5.3237  
//    5253.8     2548.5    2705.4    2.1188    5.3177  
//    5253.6     2548.5    2705.1    2.1231    5.3173  
//    5253.4     2548.5    2704.9    2.1305    5.3141  
//    5253.4     2548.6    2704.8    2.1242    5.3196  
//    5252.9     2548.5    2704.4    2.1424    5.3105  
//    5252.5     2548.5    2704.0    2.1575    5.3041  
//    5252.5     2548.5    2704.1    2.1639    5.2987  
//    5252.0     2548.5    2703.5    2.1912    5.2887  
//    5251.4     2548.5    2702.9    2.2221    5.2760  
//    5251.4     2548.6    2702.8    2.2155    5.2814  
//    5264.7     2548.6    2716.0    2.2416    5.2728  
//    5260.7     2548.6    2712.2    2.2814    5.2532  
//    5252.0     2548.5    2703.5    2.1880    5.2914  
//    5262.3     2548.5    2713.8    2.2499    5.2660  
//    5251.7     2548.5    2703.2    2.2033    5.2851  
//    5251.4     2548.5    2702.9    2.2343    5.2723  
//Iteration-13 
   5251.4   2.21549   5.28143 
//    5303.9     2544.5    2759.4    3.1863    4.5689  
//    5468.9     2570.1    2898.8    4.3742    4.5689  
//    5338.6     2595.7    2743.0    3.1863    6.0913  
//    5261.7     2576.5    2685.2    2.1879    6.0913  
//    5358.0     2600.9    2757.0    1.4607    6.8243  
//    5316.4     2538.7    2777.7    2.1879    4.5689  
//    5260.5     2543.2    2717.3    2.4149    4.9509  
//    5310.0     2585.2    2724.8    1.6134    6.4620  
//    5268.3     2548.7    2719.6    2.7209    5.0466  
//    5268.1     2569.0    2699.1    1.9282    5.9976  
//    5267.0     2562.4    2704.7    2.1071    5.7618  
//    5262.5     2552.2    2710.3    2.5042    5.2857  
//    5256.0     2554.3    2701.7    2.4002    5.4051  
//    5330.0     2538.8    2791.2    2.6422    4.2605  
//    5256.3     2560.5    2695.8    2.2958    5.6373  
//    5262.5     2577.7    2684.7    2.2816    6.0855  
//    5271.1     2549.3    2721.8    2.3811    5.2364  
//    5265.3     2557.3    2708.0    2.3476    5.5213  
//    5261.8     2548.1    2713.7    2.4075    5.1781  
//    5259.5     2545.9    2713.6    2.4611    5.0615  
//    5262.7     2551.6    2711.1    2.4537    5.2887  
//    5259.3     2548.9    2710.4    2.4190    5.2058  
//    5259.8     2558.4    2701.4    2.3589    5.5488  
//    5260.9     2548.6    2712.3    2.4353    5.1836  
//    5262.2     2551.5    2710.7    2.4096    5.3055  
//    5268.1     2549.8    2718.3    2.4305    5.2334  
//    5252.9     2556.3    2696.6    2.3795    5.4770  
//    5257.0     2560.0    2697.0    2.3542    5.5985  
//    5258.0     2559.5    2698.5    2.3702    5.5764  
//    5265.0     2557.4    2707.7    2.3800    5.5088  
//    5267.1     2555.3    2711.8    2.3898    5.4411  
//    5256.9     2553.8    2703.0    2.3945    5.3913  
//    5269.5     2554.8    2714.7    2.3841    5.4273  
//    5267.5     2555.2    2712.4    2.3884    5.4376  
//    5268.1     2555.1    2713.0    2.3870    5.4342  
//    5266.5     2555.8    2710.7    2.3846    5.4590  
//    5252.1     2557.1    2695.0    2.3771    5.5019  
//    5260.5     2558.1    2702.4    2.3722    5.5357  
//    5262.6     2557.6    2705.0    2.3720    5.5198  
//    5252.0     2557.1    2694.8    2.3751    5.5046  
//    5261.1     2557.9    2703.2    2.3728    5.5295  
//    5252.5     2556.7    2695.7    2.3778    5.4901  
//    5263.2     2557.5    2705.7    2.3745    5.5164  
//    5252.2     2556.9    2695.3    2.3770    5.4967  
//    5265.5     2557.3    2708.2    2.3753    5.5098  
//    5252.1     2557.0    2695.1    2.3766    5.5000  
//    5274.7     2557.2    2717.5    2.3757    5.5065  
//    5252.1     2557.1    2695.0    2.3764    5.5016  
//Iteration-14 
   5252.0   2.37514   5.50464 
//    5387.0     2542.4    2844.7    3.0110    3.6847  
//    5440.5     2544.3    2896.2    4.1648    3.6847  
//    5289.5     2556.2    2733.3    3.0110    5.1527  
//    5261.6     2544.1    2717.5    2.0577    5.1527  
//    5350.5     2559.2    2791.3    1.3819    5.8916  
//    5289.7     2598.2    2691.6    2.0577    6.6115  
//    5259.2     2569.7    2689.6    2.2727    5.8916  
//    5324.9     2560.4    2764.4    1.5215    5.8916  
//    5273.6     2554.6    2719.0    2.5643    5.3383  
//    5271.1     2556.9    2714.1    1.8137    5.7080  
//    5260.3     2555.7    2704.6    1.9816    5.6159  
//    5273.0     2587.7    2685.3    2.1901    6.3448  
//    5264.9     2552.0    2712.9    2.0902    5.4541  
//    5266.9     2562.3    2704.6    2.1231    5.7540  
//    5255.2     2554.9    2700.2    2.1631    5.5235  
//    5267.9     2561.7    2706.3    2.3149    5.6620  
//    5266.3     2562.1    2704.2    2.1698    5.7310  
//    5266.9     2561.8    2705.1    2.2657    5.6850  
//    5266.4     2562.0    2704.4    2.1935    5.7195  
//    5266.3     2561.9    2704.4    2.2174    5.7080  
//    5260.1     2558.4    2701.7    2.1665    5.6274  
//    5264.5     2551.9    2712.6    2.1132    5.4426  
//    5257.3     2554.2    2703.1    2.1389    5.5091  
//    5255.5     2551.0    2704.5    2.1355    5.4049  
//    5264.1     2551.7    2712.4    2.1597    5.4194  
//    5258.4     2553.6    2704.8    2.1441    5.4867  
//    5259.6     2552.9    2706.7    2.1493    5.4642  
//    5256.2     2554.6    2701.6    2.1509    5.5163  
//    5252.7     2556.6    2696.1    2.1648    5.5755  
//    5259.8     2558.6    2701.2    2.1726    5.6310  
//    5252.2     2557.0    2695.2    2.1770    5.5827  
//    5260.1     2558.3    2701.7    2.1901    5.6159  
//    5259.2     2558.8    2700.4    2.1787    5.6346  
//    5253.6     2555.9    2697.7    2.1670    5.5513  
//    5262.0     2557.8    2704.2    2.1748    5.6068  
//    5253.0     2556.4    2696.6    2.1689    5.5652  
//    5265.9     2557.3    2708.5    2.1728    5.5930  
//    5252.6     2556.6    2696.0    2.1699    5.5721  
//    5252.2     2557.0    2695.2    2.1821    5.5794  
//    5251.8     2557.2    2694.6    2.1909    5.5813  
//    5262.5     2557.6    2704.9    2.1980    5.5918  
//    5252.4     2556.9    2695.6    2.1769    5.5771  
//    5264.9     2557.4    2707.5    2.1910    5.5869  
//    5252.2     2557.0    2695.2    2.1804    5.5795  
//    5269.5     2557.2    2712.3    2.1874    5.5845  
//    5252.1     2557.0    2695.1    2.1822    5.5808  
//    5251.7     2557.2    2694.5    2.1961    5.5794  
//    5267.9     2557.2    2710.7    2.2056    5.5777  
//    5265.6     2557.3    2708.3    2.2048    5.5799  
//    5251.9     2557.1    2694.8    2.1878    5.5805  
//    5268.4     2557.2    2711.2    2.1991    5.5801  
//    5251.9     2557.1    2694.7    2.1906    5.5804  
//    5251.7     2557.2    2694.5    2.1963    5.5802  
//    5268.4     2557.2    2711.2    2.1991    5.5801  
//    5251.6     2557.2    2694.4    2.2015    5.5783  
//    5269.3     2557.2    2712.0    2.2068    5.5768  
//    5268.2     2557.2    2711.0    2.2017    5.5791  
//    5251.7     2557.2    2694.5    2.1975    5.5793  
//Iteration-15 
   5251.6   2.20150   5.57829 
//    5514.8     2557.7    2957.1    3.1121    3.1273  
//    5501.1     2539.9    2961.2    4.2860    3.1273  
//    5292.7     2543.0    2749.7    3.1121    4.5327  
//    5449.1     2566.5    2882.6    4.2860    4.5327  
//    5320.2     2589.2    2731.0    3.1121    5.9825  
//    5260.3     2571.2    2689.0    2.1325    5.9825  
//    5356.6     2593.7    2762.9    1.4268    6.6850  
//    5330.9     2538.8    2792.1    2.1325    4.5327  
//    5281.0     2569.1    2711.9    2.8455    5.6227  
//    5328.4     2616.8    2711.6    1.9277    7.0239  
//    5271.1     2552.9    2718.2    2.7810    5.1689  
//    5259.0     2554.2    2704.7    2.0796    5.5322  
//    5275.4     2549.6    2725.8    1.7635    5.4869  
//    5312.2     2579.1    2733.1    1.5740    6.3372  
//    5264.1     2556.6    2707.5    2.4272    5.4642  
//    5277.6     2569.8    2707.9    1.8205    6.0494  
//    5257.8     2559.1    2698.6    2.2623    5.6114  
//    5262.2     2545.5    2716.7    2.2069    5.1575  
//    5263.7     2563.5    2700.2    2.1509    5.7778  
//    5252.7     2556.6    2696.1    2.1694    5.5718  
//    5261.7     2564.9    2696.8    2.1966    5.7975  
//    5264.0     2551.6    2712.4    2.2345    5.3848  
//    5255.7     2561.3    2694.4    2.2060    5.6947  
//    5260.7     2558.7    2702.0    2.1150    5.6552  
//    5258.1     2559.0    2699.1    2.2247    5.6224  
//    5258.9     2558.9    2700.0    2.1877    5.6333  
//    5261.1     2557.8    2703.3    2.2155    5.5916  
//    5263.5     2557.6    2705.9    2.1421    5.6135  
//    5261.7     2557.8    2703.9    2.1970    5.5971  
//    5262.3     2557.7    2704.6    2.1785    5.6026  
//    5251.8     2557.2    2694.5    2.1924    5.5817  
//    5253.2     2556.1    2697.2    2.1832    5.5510  
//    5252.8     2556.5    2696.3    2.1820    5.5639  
//    5266.1     2557.3    2708.8    2.1797    5.5897  
//    5252.5     2556.7    2695.9    2.1815    5.5703  
//    5265.5     2557.3    2708.1    2.2045    5.5802  
//    5252.5     2556.8    2695.8    2.1782    5.5739  
//    5266.6     2557.3    2709.3    2.1891    5.5853  
//    5252.3     2556.8    2695.5    2.1834    5.5741  
//    5266.5     2557.3    2709.2    2.1976    5.5819  
//    5252.3     2556.9    2695.4    2.1830    5.5759  
//    5267.2     2557.3    2710.0    2.1920    5.5836  
//    5252.2     2556.9    2695.2    2.1855    5.5764  
//    5267.5     2557.3    2710.2    2.1949    5.5823  
//    5252.1     2557.0    2695.1    2.1860    5.5775  
//    5268.1     2557.2    2710.8    2.1928    5.5828  
//    5252.1     2557.0    2695.0    2.1873    5.5780  
//    5268.4     2557.2    2711.2    2.1937    5.5823  
//    5252.0     2557.0    2695.0    2.1879    5.5787  
//    5269.0     2557.2    2711.8    2.1929    5.5824  
//    5252.0     2557.1    2694.9    2.1887    5.5791  
//    5269.5     2557.2    2712.3    2.1932    5.5822  
//    5251.9     2557.1    2694.8    2.1892    5.5796  
//    5270.2     2557.2    2713.0    2.1929    5.5822  
//    5251.9     2557.1    2694.8    2.1898    5.5799  
//    5270.9     2557.2    2713.7    2.1929    5.5821  
//    5251.9     2557.1    2694.8    2.1901    5.5802  
//    5271.9     2557.2    2714.7    2.1927    5.5820  
//    5251.9     2557.1    2694.7    2.1905    5.5804  
//    5273.3     2557.2    2716.0    2.1927    5.5820  
//    5251.8     2557.2    2694.7    2.1908    5.5806  
//    5277.3     2557.2    2720.0    2.1926    5.5819  
//    5251.8     2557.2    2694.7    2.1910    5.5808  
//Iteration-16 
   5251.8   2.19237   5.58173 
//    5701.2     2597.7    3103.5    2.2538    3.1847  
//    5507.1     2550.7    2956.4    3.2177    3.1847  
//    5322.3     2538.7    2783.7    2.2538    4.5975  
//    5301.2     2545.5    2755.7    3.2177    4.5975  
//    5376.6     2578.9    2797.7    3.7685    5.3265  
//    5261.2     2575.8    2685.4    2.2538    6.0495  
//    5375.2     2636.4    2738.8    1.8588    7.4151  
//    5339.1     2594.5    2744.5    3.2177    6.0495  
//    5258.0     2544.0    2714.0    2.4747    4.9618  
//    5297.9     2583.4    2714.5    1.6864    6.4038  
//    5264.5     2568.5    2696.0    1.9993    5.9600  
//    5279.4     2549.6    2729.8    2.7705    5.0530  
//    5265.7     2562.3    2703.4    2.1749    5.7349  
//    5251.9     2557.1    2694.8    2.3624    5.5084  
//    5256.3     2553.9    2702.4    2.2273    5.4630  
//    5260.6     2572.0    2688.6    2.1235    6.0047  
//    5259.0     2549.0    2710.1    2.3832    5.2240  
//    5253.5     2555.4    2698.0    2.2941    5.4857  
//    5268.2     2549.7    2718.5    2.4181    5.2354  
//    5262.1     2564.0    2698.1    2.2405    5.7575  
//    5256.6     2560.0    2696.6    2.2840    5.6275  
//    5258.8     2552.8    2706.0    2.3728    5.3663  
//    5260.1     2558.1    2702.0    2.3060    5.5623  
//    5252.4     2556.2    2696.1    2.3281    5.4971  
//    5259.0     2558.5    2700.5    2.3230    5.5680  
//    5270.1     2554.9    2715.2    2.3676    5.4374  
//    5262.2     2557.6    2704.7    2.3341    5.5354  
//    5252.0     2556.7    2695.3    2.3452    5.5027  
//    5261.2     2557.8    2703.4    2.3426    5.5382  
//    5253.2     2556.0    2697.2    2.3650    5.4729  
//    5252.6     2556.4    2696.2    2.3594    5.4893  
//    5264.8     2557.3    2707.4    2.3482    5.5219  
//    5252.0     2556.7    2695.4    2.3566    5.4974  
//    5251.5     2557.1    2694.4    2.3510    5.5137  
//    5264.8     2557.3    2707.4    2.3482    5.5219  
//    5263.0     2557.5    2705.5    2.3682    5.5194  
//    5251.8     2556.9    2694.9    2.3510    5.5069  
//    5251.7     2556.9    2694.8    2.3396    5.5122  
//    5251.5     2557.1    2694.3    2.3396    5.5191  
//    5267.8     2557.2    2710.5    2.3340    5.5251  
//    5264.8     2557.3    2707.5    2.3511    5.5206  
//    5251.6     2557.0    2694.6    2.3424    5.5143  
//    5270.8     2557.2    2713.6    2.3482    5.5185  
//    5251.6     2557.1    2694.5    2.3439    5.5154  
//Iteration-17 
   5251.5   2.33963   5.51906 
//    5275.6     2581.1    2694.5    1.8943    6.2938  
//    5301.7     2595.1    2706.7    2.7348    6.2938  
//    5419.9     2655.9    2764.0    1.8943    7.7663  
//    5278.0     2541.7    2736.3    2.7348    4.6897  
//    5334.2     2538.7    2795.6    1.8943    4.6897  
//    5265.0     2573.7    2691.3    2.5036    5.8986  
//    5381.8     2634.9    2747.0    1.7223    7.4194  
//    5269.8     2554.7    2715.1    2.4478    5.3969  
//    5294.0     2554.3    2739.6    3.1686    4.9927  
//    5259.6     2571.4    2688.2    2.1695    5.9732  
//    5281.4     2593.7    2687.7    2.2206    6.4643  
//    5264.2     2563.0    2701.2    2.3896    5.6674  
//    5259.1     2561.1    2698.0    2.0671    5.7425  
//    5266.9     2556.1    2710.8    1.8733    5.6642  
//    5272.9     2570.3    2702.6    1.8719    6.0476  
//    5261.7     2564.4    2697.3    2.2506    5.7629  
//    5265.0     2568.1    2696.9    1.9915    5.9530  
//    5261.6     2565.2    2696.4    2.1834    5.8105  
//    5263.1     2567.1    2696.0    2.0538    5.9056  
//    5261.6     2565.6    2696.0    2.1504    5.8343  
//    5262.5     2566.6    2695.9    2.0856    5.8819  
//    5261.8     2565.9    2696.0    2.1341    5.8462  
//    5262.1     2566.1    2696.0    2.1178    5.8581  
//    5265.1     2563.4    2701.7    2.1084    5.7885  
//    5266.0     2563.8    2702.2    2.0764    5.8123  
//    5265.3     2563.5    2701.8    2.1004    5.7944  
//    5265.5     2563.6    2701.9    2.0923    5.8004  
//    5268.2     2562.2    2706.0    2.0877    5.7655  
//    5268.3     2562.5    2705.9    2.0717    5.7774  
//    5268.2     2562.3    2705.9    2.0837    5.7685  
//    5268.2     2562.3    2705.9    2.0797    5.7715  
//    5271.5     2561.7    2709.8    2.0774    5.7540  
//    5271.0     2561.8    2709.2    2.0694    5.7600  
//    5271.1     2561.8    2709.3    2.0714    5.7585  
//    5271.2     2561.7    2709.5    2.0734    5.7570  
//    5258.5     2561.4    2697.1    2.0722    5.7483  
//    5259.6     2560.8    2698.8    2.0660    5.7338  
//    5259.2     2561.0    2698.2    2.0678    5.7396  
//    5274.7     2561.5    2713.2    2.0715    5.7512  
//    5259.0     2561.2    2697.8    2.0688    5.7425  
//    5258.4     2561.4    2697.0    2.0739    5.7483  
//    5272.8     2561.6    2711.2    2.0773    5.7511  
//    5271.5     2561.7    2709.8    2.0774    5.7540  
//    5258.7     2561.3    2697.4    2.0709    5.7454  
//    5273.3     2561.5    2711.8    2.0752    5.7511  
//    5258.6     2561.4    2697.3    2.0720    5.7468  
//    5275.4     2561.5    2714.0    2.0741    5.7497  
//    5258.5     2561.4    2697.2    2.0725    5.7475  
//    5279.3     2561.4    2717.9    2.0736    5.7490  
//    5258.5     2561.4    2697.1    2.0728    5.7479  
//Iteration-18 
   5258.4   2.07388   5.74825 
//    5312.1     2539.5    2772.5    3.0897    4.2684  
//    5443.5     2558.4    2885.1    4.2592    4.2684  
//    5305.7     2580.2    2725.5    3.0897    5.7783  
//    5265.4     2563.1    2702.4    2.1158    5.7783  
//    5351.0     2585.6    2765.4    1.4167    6.5165  
//    5353.0     2629.8    2723.2    2.1158    7.2204  
//    5281.9     2549.6    2732.3    2.8244    5.0230  
//    5292.6     2540.8    2751.7    1.9126    5.0230  
//    5259.9     2546.4    2713.5    2.1694    5.2125  
//    5302.0     2564.0    2738.1    1.6017    5.9651  
//    5264.5     2551.0    2713.5    2.4675    5.2598  
//    5285.2     2540.2    2745.0    2.5273    4.6918  
//    5254.2     2555.1    2699.1    2.2136    5.5079  
//    5265.8     2550.5    2715.2    1.9401    5.4607  
//    5264.9     2550.6    2714.3    2.3265    5.3101  
//    5255.8     2550.4    2705.4    2.1914    5.3603  
//    5258.3     2552.9    2705.4    2.3381    5.3840  
//    5262.8     2552.7    2710.1    2.0731    5.4843  
//    5258.5     2552.8    2705.8    2.2695    5.4091  
//    5259.4     2552.7    2706.7    2.2025    5.4342  
//    5255.9     2553.9    2701.9    2.2752    5.4460  
//    5251.9     2556.4    2695.5    2.2866    5.5197  
//    5259.2     2558.4    2700.8    2.3296    5.5624  
//    5262.0     2557.6    2704.4    2.2248    5.5816  
//    5254.3     2554.8    2699.5    2.2625    5.4799  
//    5252.0     2556.7    2695.3    2.2373    5.5477  
//    5260.2     2558.1    2702.1    2.3109    5.5595  
//    5253.1     2555.8    2697.3    2.2377    5.5208  
//    5265.3     2557.3    2708.0    2.2863    5.5466  
//    5252.5     2556.2    2696.3    2.2497    5.5273  
//    5251.5     2556.9    2694.5    2.2741    5.5402  
//    5265.3     2557.3    2708.0    2.2863    5.5466  
//    5251.9     2556.7    2695.2    2.3240    5.5122  
//    5251.4     2557.2    2694.2    2.3112    5.5326  
//    5262.4     2557.6    2704.8    2.3236    5.5391  
//    5263.4     2557.4    2706.0    2.2616    5.5606  
//    5251.7     2556.9    2694.8    2.3082    5.5243  
//    5268.8     2557.2    2711.5    2.2770    5.5485  
//    5251.6     2557.0    2694.6    2.3004    5.5303  
//    5251.2     2557.1    2694.0    2.2848    5.5424  
//    5268.8     2557.2    2711.5    2.2770    5.5485  
//    5263.8     2557.4    2706.4    2.3221    5.5349  
//    5251.3     2557.0    2694.2    2.2860    5.5388  
//    5251.5     2557.0    2694.4    2.2598    5.5487  
//    5251.4     2557.1    2694.3    2.2983    5.5366  
//    5251.2     2557.1    2694.1    2.2854    5.5406  
//    5251.4     2557.2    2694.2    2.2980    5.5375  
//    5251.3     2557.1    2694.2    2.2723    5.5456  
//    5251.2     2557.1    2694.1    2.2787    5.5435  
//Iteration-19 
   5251.2   2.28481   5.54243 
//    5444.4     2542.0    2902.4    3.6004    3.1378  
//    5643.7     2550.2    3093.6    4.8568    3.1378  
//    5346.2     2550.6    2795.5    3.6004    4.5445  
//    5298.5     2538.9    2759.6    2.5053    4.5445  
//    5300.1     2543.6    2756.5    1.6643    5.2720  
//    5267.6     2577.7    2690.0    2.5053    5.9947  
//    5368.7     2636.3    2732.3    2.0480    7.3637  
//    5299.3     2565.8    2733.5    1.6643    5.9947  
//    5255.2     2557.2    2698.1    2.0480    5.6350  
//    5329.5     2619.2    2710.3    2.0480    7.0357  
//    5262.4     2547.9    2714.5    2.3845    5.1810  
//    5300.6     2539.0    2761.7    1.9448    4.8169  
//    5262.6     2563.7    2698.9    2.3550    5.7027  
//    5264.1     2543.4    2720.7    2.0745    5.1127  
//    5262.3     2557.5    2704.7    2.2823    5.5558  
//    5266.1     2569.7    2696.4    1.9574    6.0059  
//    5260.4     2552.2    2708.2    2.2716    5.3885  
//    5268.0     2551.8    2716.2    2.0381    5.4679  
//    5252.8     2556.0    2696.8    2.2192    5.5338  
//    5278.1     2561.6    2716.5    1.9998    5.7795  
//    5255.9     2554.3    2701.7    2.2010    5.4865  
//    5262.0     2559.0    2703.1    2.0651    5.6821  
//    5254.4     2555.4    2699.0    2.1664    5.5355  
//    5255.0     2554.5    2700.5    2.3453    5.4342  
//    5253.9     2555.0    2698.9    2.2680    5.4844  
//    5253.0     2555.7    2697.3    2.3227    5.4828  
//    5251.8     2556.6    2695.1    2.2730    5.5321  
//    5263.0     2557.5    2705.5    2.2755    5.5560  
//    5252.4     2557.0    2695.4    2.1712    5.5832  
//    5262.1     2557.6    2704.5    2.2241    5.5815  
//    5252.3     2556.4    2695.9    2.2204    5.5457  
//    5252.5     2556.1    2696.4    2.3240    5.4947  
//    5252.0     2556.7    2695.3    2.2087    5.5611  
//    5251.5     2557.0    2694.5    2.2610    5.5475  
//    5265.6     2557.3    2708.3    2.2815    5.5483  
//    5251.6     2556.9    2694.7    2.3265    5.5185  
//    5266.8     2557.3    2709.6    2.3143    5.5339  
//    5251.5     2556.8    2694.7    2.2833    5.5326  
//    5251.7     2556.9    2694.9    2.2187    5.5615  
//    5251.7     2556.9    2694.8    2.2992    5.5293  
//    5251.5     2556.9    2694.6    2.2721    5.5400  
//    5251.6     2556.9    2694.7    2.2936    5.5330  
//    5251.7     2556.9    2694.8    2.2398    5.5545  
//    5251.4     2556.9    2694.5    2.2801    5.5384  
//    5251.4     2557.0    2694.3    2.2689    5.5458  
//    5251.3     2557.1    2694.2    2.2673    5.5487  
//    5251.2     2557.1    2694.2    2.2864    5.5396  
//    5251.4     2557.1    2694.3    2.2991    5.5357  
//    5268.5     2557.2    2711.2    2.2736    5.5500  
//    5251.3     2557.0    2694.3    2.2784    5.5413  
//Iteration-20 
   5251.2   2.28638   5.53963 
//Best params 
//    5251.1   2.28511   5.54461 
